1567.83+(

double x_a[] = {
    -24.9872,
    +12.7123,
    -3.07668,
    +16.523,
    -18.1719,
    +3.24887,
    +35.2736,
    +0.63876,
    +10.5401,
    +21.9244,
    +14.5024,
    -12.9796,
    -3.88962,
    -2.82182,
    +1.36016,
    +7.061,
    -6.53312,
    +1.8137,
    -4.18198,
    +5.66005,
    +1.73682,
    +1.98399,
    -4.14964,
    +3.8224,
    -1.29152,
    +2.28878,
    +1.93986,
    +1.77157,
    +0.133854,
    -0.584948,
    -1.85643,
    -0.0745882,
    -1.61372,
    +1.41463,
    +0.0352135,
    +1.02417,
    +0.527298,
    +0.288929,
    -0.323343,
    -0.300803,
    +0.758354,
    +1.3877,
    -0.511101,
    +0.72283,
    +0.241505,
    +0.229274,
    +0.184365,
    -1.07661,
    -0.154843,
    -0.637719,
    +0.516193,
    +0.422542,
    +0.0841982,
    -0.0324793,
    +0.209251,
    +0.0547151,
    +0.216926,
    +0.106745,
    +0.0683537,
    +0.242625,
    -0.0995085,
    +0.50733,
    -0.115231,
    +0.0710516,
    -0.0627789,
    -0.244291,
    -0.123497,
    +0.0279714,
    +0.0794738,
    +0.22754,
    +0.106295,
    +0.372417,
    +0.0561391,
    +0.0249589,
    -0.220462,
    +0.256874,
    -0.124289,
    +0.295239,
    -0.189301,
    +0.236412,
    -0.324731,
    +0.352811,
    -0.231787,
    +0.187105,
    -0.202627,
    +0.174969,
    +0.0719421,
    +0.167265,
    +0.145538,
    +0.0530765,
    +0.130614,
    -0.0253508,
    +0.0804248,
    -0.0690971,
    -0.0619016,
    -0.0327191,
    +0.0338759,
    -0.115922,
    +0.0870766,
    -0.0762197,
    -0.046545,
    +0.0354399,
    +0.00181027,
    +0.0527903,
    +0.0674908,
    +0.0859335,
    +0.0037853,
    +0.120282,
    -0.0639875,
    +0.0822996,
    -0.0726191,
    +0.00791578,
    +0.0250538,
    -0.010199,
    -0.0598122,
    +0.116211,
    -0.120127,
    +0.0272341,
    +0.0268063,
    +0.0000651495,
    +0.0247151,
    +0.0626763,
    +0.0443518,
    +0.0448032,
    -0.000930694,
    +0.0727765,
    -0.0401242,
    -0.0142136,
    +0.0383494,
    -0.0230715,
    +0.0284413,
    +0.0261911,
    +0.104273,
    +0.000869819,
    -0.0410801,
    +0.103798,
    +0.0140938,
    -0.0278985,
    +0.0922322,
    -0.00867246,
    -0.00527162,
    +0.0773188,
    -0.0726014,
    +0.0226851,
    -0.0170398,
    -0.0417454,
    +0.0501488,
    -0.070656,
    -0.0370493,
    +0.0438388,
    +0.0119067,
    +0.042491,
    +0.0231876,
    +0.00507881,
    -0.00677159,
    +0.0331438,
    +0.0138396,
    -0.0325738,
    +0.0432633,
    +0.00638778,
    -0.109778,
    +0.0314891,
    +0.0347888,
    -0.00348674,
    -0.0304853,
    -0.0723668,
    +0.0690645,
    -0.00300883,
    -0.0128392,
    -0.0164553,
    +0.0495606,
    +0.012419,
    +0.0275273,
    +0.0432717,
    -0.0417192,
    +0.0156294,
    +0.0234503,
    +0.0277872,
    -0.0494791,
    +0.00696529,
    +0.0678739,
    +0.0418422,
    -0.0409785,
    +0.038192,
    -0.0557268,
    +0.0889084,
    -0.061771,
    +0.0815828,
    -0.00498218,
    +0.0385123,
    -0.0593104,
    -0.0399557,
    -0.00139902,
    +0.118662,
    -0.0102256,
    -0.0659155,
    -0.0132997,
    +0.022055,
    +0.0203553,
    +0.00949108,
    -0.273553,
    +0.273883,
    -0.490512,
    -0.69555,
    +1.22002,
    +1.00484,
    -3.12632,
    +0.503887,
    +1.36499,
    -4.00595,
    -0.412664,
    +1.99564,
    +0.455645,
    +0.480621,
    -0.705754,
    -1.38346,
    +0.822792,
    +0.622273,
    -0.164886,
    +0.340545,
    -1.93027,
    +0.743117,
    +1.08992,
    -1.25637,
    +0.919038,
    -0.516902,
    -0.814927,
    -0.198614,
    -0.146914,
    +0.282724,
    +0.635024,
    +0.0912098,
    +0.345433,
    -0.390662,
    -0.346905,
    -0.165616,
    -0.30391,
    +0.135752,
    +0.0740002,
    +0.771307,
    -0.691441,
    -0.483003,
    +0.586143,
    -0.473124,
    -0.130252,
    -0.0214908,
    -0.469141,
    +0.847317,
    +0.146581,
    -0.0183102,
    +0.269331,
    -0.961421,
    +0.395454,
    +0.0725213,
    -0.276667,
    +0.16644,
    -0.108634,
    -0.0439269,
    -0.0282845,
    +0.18306,
    -0.175083,
    -0.155766,
    -0.0329316,
    -0.0304709,
    -0.0654582,
    +0.32291,
    -0.0412815,
    +0.0738294,
    -0.0632664,
    -0.217507,
    +0.227389,
    -0.54625,
    +0.0446828,
    +0.299016,
    -0.0462811,
    +0.0277954,
    -0.0974559,
    -0.19215,
    +0.0741075,
    +0.0601771,
    +0.0383017,
    -0.0507743,
    -0.141243,
    +0.0951615,
    +0.177165,
    -0.106733,
    -0.105013,
    -0.102055,
    -0.123123,
    +0.0209004,
    +0.0280829,
    -0.0161928,
    -0.0772643,
    +0.0673004,
    +0.0626746,
    -0.00899252,
    -0.0371408,
    +0.00957012,
    -0.0161494,
    -0.0231932,
    +0.0824799,
    +0.124772,
    -0.0592369,
    -0.154195,
    +0.048108,
    +0.00804207,
    -0.188929,
    +0.0111661,
    +0.0056029,
    +0.0190754,
    +0.10429,
    -0.00753047,
    +0.00986134,
    -0.189821,
    +0.0585183,
    +0.103359,
    -0.0680169,
    -0.0102293,
    +0.0140476,
    +0.0425117,
    +0.0383476,
    -0.0619074,
    -0.101112,
    -0.0718149,
    -0.0916331,
    +0.13252,
    +0.00849122,
    -0.0331117,
    +0.129797,
    -0.168026,
    +0.0223098,
    -0.0146658,
    -0.0310424,
    -0.0471144,
    -0.123768,
    +0.0794653,
    +0.052084,
    -0.0144273,
    -0.0521348,
    -0.0163362,
    -0.0409741,
    -0.0406074,
    -0.00369642,
    -0.0103236,
    +0.0114854,
    +0.124237,
    +0.048996,
    -0.0183153,
    -0.0424732,
    -0.06433,
    +0.0252588,
    -0.0209691,
    -0.0232953,
    -0.0234698,
    +0.00913164,
    +0.00417534,
    +0.0172156,
    +0.0154396,
    -0.0280234,
    -0.0256213,
    -0.0508553,
    -0.001511,
    +0.122942,
    +0.0495483,
    -0.0588292,
    +0.0287614,
    -0.0220269,
    +0.0460597,
    -0.0725895,
    -0.0240173,
    +0.00028708,
    -0.00272014,
    +0.0179722,
    -0.0277729,
    -0.027965,
    -0.0400083,
    +0.0254347,
    -0.0321516,
    -0.0218344,
    +0.0060768,
    +0.000608491,
    +0.0192702,
    -0.0345417,
    -0.0713349,
    -0.0114431,
    -0.0242222,
    -0.00168312,
    +0.0245299,
    +0.0246316,
    -0.00747087,
    -0.0464194,
    -0.0588542,
    +0.0378697,
    +0.0110969,
    +0.0181244,
    -0.000496489,
    -0.027987,
    +0.00970326,
    +0.000335275,
    +0.000887112
}


-911.814+(
double y_a[] = {
    -9.61232,
    -18.1887,
    -36.0706,
    +4.65598,
    -12.8737,
    -31.126,
    -3.68428,
    -5.17198,
    +5.65017,
    +6.60252,
    +22.007,
    +12.0404,
    -19.4164,
    +3.87442,
    +0.940576,
    +5.3707,
    +5.2815,
    -2.5922,
    +2.18117,
    +5.06028,
    +1.84686,
    -1.33611,
    +4.91794,
    +0.299,
    +1.87415,
    +0.208563,
    -0.923484,
    -0.295326,
    -0.373185,
    +2.3925,
    +1.02435,
    +1.62893,
    -0.309875,
    -0.498211,
    -1.04308,
    +0.0612886,
    -0.913724,
    +0.900071,
    -0.283599,
    -0.278707,
    -0.173172,
    +0.601684,
    +0.328812,
    -0.922487,
    -0.460917,
    +0.103778,
    +0.081691,
    -0.34802,
    -0.0200902,
    -0.17585,
    +0.923799,
    +0.183331,
    +0.146099,
    +0.00244157,
    +0.0451391,
    +0.0849035,
    +0.347321,
    +0.206859,
    +0.239347,
    +0.115963,
    +0.344393,
    +0.0823411,
    +0.319983,
    +0.168827,
    +0.316726,
    -0.113431,
    +0.338604,
    -0.423572,
    +0.362992,
    -0.360888,
    +0.267253,
    -0.0849966,
    +0.400269,
    -0.00359163,
    -0.0548768,
    -0.138847,
    -0.197157,
    +0.225201,
    -0.262865,
    +0.145847,
    -0.25977,
    +0.350195,
    -0.137317,
    +0.279797,
    -0.186743,
    +0.151565,
    -0.144446,
    +0.0425639,
    -0.17074,
    +0.158103,
    -0.088687,
    +0.169289,
    +0.0782265,
    +0.0847521,
    -0.00933735,
    +0.0228072,
    +0.0196909,
    -0.089145,
    +0.113676,
    -0.0120782,
    +0.0323823,
    +0.136939,
    -0.00732867,
    +0.174615,
    -0.0117348,
    +0.152206,
    -0.131529,
    +0.165937,
    -0.158609,
    +0.208418,
    -0.148989,
    +0.17776,
    -0.0265333,
    +0.0413209,
    +0.0734707,
    -0.0382187,
    -0.0363583,
    +0.0113429,
    -0.0336696,
    -0.104494,
    +0.0869943,
    -0.106647,
    +0.0887483,
    -0.0481336,
    +0.0769807,
    -0.0684152,
    +0.0875735,
    -0.111367,
    +0.0468568,
    -0.00710504,
    -0.00745036,
    +0.0235451,
    +0.0872369,
    +0.0311883,
    +0.0136083,
    +0.0832897,
    -0.0594386,
    +0.140353,
    -0.0584486,
    -0.0280144,
    +0.0644959,
    -0.0209763,
    +0.0570151,
    +0.041316,
    -0.0249517,
    +0.0119282,
    +0.0549614,
    -0.117313,
    +0.106624,
    -0.0439512,
    -0.0548762,
    +0.0361664,
    +0.00447096,
    -0.0149468,
    +0.0232479,
    +0.0239797,
    +0.021027,
    -0.0120482,
    -0.00727959,
    +0.00240865,
    -0.0131022,
    +0.0377677,
    -0.0321893,
    +0.0145097,
    +0.140978,
    -0.121809,
    +0.01695,
    +0.0264847,
    +0.0343752,
    -0.0245195,
    +0.00184184,
    -0.0499989,
    +0.0810855,
    -0.0585348,
    +0.0607899,
    -0.00384141,
    -0.0272633,
    +0.049542,
    -0.0195723,
    +0.0570635,
    -0.0515978,
    -0.000752782,
    +0.0112166,
    +0.0718587,
    -0.0752256,
    +0.10246,
    -0.0601806,
    +0.06157,
    -0.0550413,
    +0.0219642,
    +0.0202419,
    +0.0219403,
    -0.0289679,
    -0.0396722,
    +0.0110872,
    +0.0368203,
    -0.0184225,
    -0.0646868,
    +0.0976514,
    -0.0361341,
    -0.695224,
    +0.368757,
    +0.982841,
    -1.50773,
    +0.648908,
    +1.54019,
    +0.608547,
    -0.0770471,
    +0.0491737,
    +0.104426,
    -3.3719,
    -1.11421,
    +3.7022,
    -0.290742,
    -1.0559,
    +0.593194,
    -2.44635,
    +1.54122,
    +0.53896,
    -2.39276,
    +1.27921,
    +0.0670365,
    -0.943163,
    -0.15208,
    -0.090267,
    -0.280726,
    +0.417152,
    +0.390146,
    -0.0517306,
    -0.436576,
    -0.612544,
    -0.0869818,
    -0.14306,
    +0.585883,
    +0.0974828,
    +0.0631526,
    +0.133731,
    -0.408512,
    +0.0192394,
    +0.183153,
    +0.207098,
    -0.291062,
    -0.451109,
    +0.751995,
    +0.27321,
    -0.646548,
    +0.428215,
    -0.24523,
    +0.19803,
    +0.372301,
    -0.832635,
    -0.0537524,
    +0.395839,
    -0.33343,
    +0.237504,
    +0.169159,
    -0.531778,
    +0.0610331,
    -0.0707453,
    -0.084078,
    -0.107031,
    +0.176495,
    -0.225645,
    -0.0178551,
    -0.0506471,
    -0.166037,
    +0.0429749,
    +0.00466734,
    +0.0312731,
    +0.00174759,
    +0.155911,
    -0.15592,
    -0.140774,
    -0.246032,
    +0.302658,
    +0.227341,
    -0.173637,
    +0.0286901,
    -0.178193,
    +0.145416,
    +0.242097,
    -0.230722,
    -0.18204,
    +0.24245,
    -0.137407,
    -0.109721,
    +0.204302,
    -0.039398,
    +0.0346433,
    -0.00133225,
    -0.0417933,
    -0.0150694,
    -0.161766,
    -0.0099386,
    +0.0842363,
    +0.0000619415,
    +0.0605506,
    -0.167921,
    +0.149422,
    -0.15765,
    -0.105281,
    +0.186427,
    -0.0141105,
    -0.211113,
    -0.0813876,
    +0.0569536,
    +0.0625393,
    +0.0424878,
    -0.238895,
    +0.101072,
    -0.00590017,
    +0.0122064,
    -0.0565482,
    -0.104033,
    +0.119622,
    -0.104345,
    +0.0621788,
    +0.0601874,
    -0.0366199,
    -0.0268248,
    +0.0581008,
    +0.0242062,
    +0.0248232,
    -0.0651667,
    +0.0342584,
    -0.0245645,
    -0.0499136,
    +0.0352394,
    +0.0169719,
    +0.0364411,
    -0.00531598,
    -0.0579706,
    -0.0109788,
    +0.0328789,
    -0.213311,
    +0.0313677,
    -0.0377853,
    +0.130454,
    -0.0398225,
    -0.0724079,
    -0.0233212,
    +0.00347754,
    +0.0435901,
    -0.101164,
    +0.049177,
    -0.127478,
    +0.0877421,
    -0.0333864,
    +0.0961264,
    -0.0131155,
    +0.00312968,
    -0.000659568,
    -0.0611041,
    +0.0228074,
    -0.0793317,
    +0.0482511,
    +0.0183339,
    +0.0361972,
    -0.0583656,
    +0.0583002,
    -0.062947,
    -0.0171046,
    -0.0467777,
    +0.0399968,
    +0.00863567,
    -0.0151615,
    -0.0683881,
    +0.0277447,
    +0.0486322,
    -0.0339654,
    +0.0086374,
    -0.0619667,
    +0.0590189,
    -0.0527798,
    +0.045006,
    -0.0536001,
    +0.0138024,
    -0.0209096,
    +0.00888768,
    +0.0215103,
    -0.0826694,
    +0.0518797,
    -0.0608018,
    +0.0420456,
    -0.0372902,
    -0.0116312,
    -0.0296972,
    +0.0044715,
    -0.0194927,
    -0.0166453,
    +0.0806305,
    -0.0476877,
    +0.0125975,
    -0.0319474,
    +0.0165094,
    -0.017966,
    +0.035911,
    -0.00543081,
    +0.0140139,
    +0.0315385
}
